chr17	-	7668401	7675244	7673306	7675134	8	7668401,7670608,7673206,7673534,7673700,7674180,7674858,7675052,	7669690,7670715,7673339,7673608,7673837,7674290,7674971,7675244,
chr17	-	7668401	7675244	7673218	7675134	8	7668401,7670608,7673206,7673534,7673700,7674180,7674858,7675052,	7669690,7670715,7673266,7673608,7673837,7674290,7674971,7675244,
chr17	-	7668401	7675244	7669608	7675134	7	7668401,7670608,7673534,7673700,7674180,7674858,7675052,	7669690,7670715,7673608,7673837,7674290,7674971,7675244,
chr17	-	7668401	7675493	7673306	7675215	8	7668401,7670608,7673206,7673534,7673700,7674180,7674858,7675052,	7669690,7670715,7673339,7673608,7673837,7674290,7674971,7675493,
chr17	-	7668401	7675493	7673218	7675215	8	7668401,7670608,7673206,7673534,7673700,7674180,7674858,7675052,	7669690,7670715,7673266,7673608,7673837,7674290,7674971,7675493,
chr17	-	7668401	7675493	7669608	7675215	7	7668401,7670608,7673534,7673700,7674180,7674858,7675052,	7669690,7670715,7673608,7673837,7674290,7674971,7675493,
chr17	-	7668401	7687490	7673306	7676251	12	7668401,7670608,7673206,7673534,7673700,7674180,7674858,7675052,7675993,7676381,7676520,7687376,	7669690,7670715,7673339,7673608,7673837,7674290,7674971,7675236,7676272,7676403,7676622,7687490,
chr17	-	7668401	7687490	7673218	7676251	12	7668401,7670608,7673206,7673534,7673700,7674180,7674858,7675052,7675993,7676381,7676520,7687376,	7669690,7670715,7673266,7673608,7673837,7674290,7674971,7675236,7676272,7676403,7676622,7687490,
chr17	-	7668401	7687490	7669608	7676251	11	7668401,7670608,7673534,7673700,7674180,7674858,7675052,7675993,7676381,7676520,7687376,	7669690,7670715,7673608,7673837,7674290,7674971,7675236,7676272,7676403,7676622,7687490,
chr17	-	7668401	7687490	7669608	7676251	11	7668401,7670608,7673534,7673700,7674180,7674858,7675052,7675993,7676381,7676520,7687376,	7669690,7670715,7673608,7673837,7674290,7674971,7675236,7676272,7676403,7676619,7687490,
chr17	-	7668401	7687550	7669608	7676251	10	7668401,7670608,7673534,7673700,7674180,7674858,7675052,7675993,7676381,7687376,	7669690,7670715,7673608,7673837,7674290,7674971,7675236,7676272,7676622,7687550,
chr17	-	7668401	7687550	7673306	7676594	12	7668401,7670608,7673206,7673534,7673700,7674180,7674858,7675052,7675993,7676381,7676520,7687376,	7669690,7670715,7673339,7673608,7673837,7674290,7674971,7675236,7676272,7676403,7676622,7687550,
chr17	-	7668401	7687550	7673218	7676594	12	7668401,7670608,7673206,7673534,7673700,7674180,7674858,7675052,7675993,7676381,7676520,7687376,	7669690,7670715,7673266,7673608,7673837,7674290,7674971,7675236,7676272,7676403,7676622,7687550,
chr17	-	7668401	7687550	7669608	7676594	11	7668401,7670608,7673534,7673700,7674180,7674858,7675052,7675993,7676381,7676520,7687376,	7669690,7670715,7673608,7673837,7674290,7674971,7675236,7676272,7676403,7676622,7687550,
chr17	-	7668401	7687550	7669608	7676594	11	7668401,7670608,7673534,7673700,7674180,7674858,7675052,7675993,7676381,7676520,7687376,	7669690,7670715,7673608,7673837,7674290,7674971,7675236,7676272,7676403,7676619,7687550,
