#name	chrom	strand	txStart	txEnd	cdsStart	cdsEnd	exonCount	exonStarts	exonEnds	proteinID	alignID
ENST00000413465.6	chr17	-	7661778	7676594	7661938	7676594	7	7661778,7674180,7674858,7675052,7675993,7676381,7676520,	7662014,7674290,7674971,7675236,7676272,7676403,7676594,	E7EQX7	uc002gig.2
ENST00000635293.1	chr17	-	7665415	7687491	7667175	7676251	12	7665415,7666901,7670608,7673534,7673700,7674180,7674858,7675052,7675993,7676381,7676520,7687376,	7665531,7667425,7670715,7673608,7673837,7674290,7674971,7675236,7676272,7676403,7676622,7687491,	A0A0U1RQC9	uc284ohw.1
ENST00000359597.8	chr17	-	7666085	7676594	7666205	7676594	9	7666085,7673534,7673700,7674180,7674858,7675052,7675993,7676381,7676520,	7666244,7673608,7673837,7674290,7674971,7675236,7676272,7676403,7676594,	J3KP33	uc002gih.5
ENST00000504290.5	chr17	-	7668401	7675493	7673218	7675215	8	7668401,7670608,7673206,7673534,7673700,7674180,7674858,7675052,	7669690,7670715,7673266,7673608,7673837,7674290,7674971,7675493,	P04637	uc060auo.1
ENST00000504937.5	chr17	-	7668401	7675493	7669608	7675215	7	7668401,7670608,7673534,7673700,7674180,7674858,7675052,	7669690,7670715,7673608,7673837,7674290,7674971,7675493,	P04637	uc060aup.1
ENST00000510385.5	chr17	-	7668401	7675493	7673306	7675215	8	7668401,7670608,7673206,7673534,7673700,7674180,7674858,7675052,	7669690,7670715,7673339,7673608,7673837,7674290,7674971,7675493,	P04637	uc060auq.1
ENST00000610623.4	chr17	-	7668401	7675493	7673218	7675134	8	7668401,7670608,7673206,7673534,7673700,7674180,7674858,7675052,	7669690,7670715,7673266,7673608,7673837,7674290,7674971,7675493,	A0A087WT22	uc010cnf.2
ENST00000618944.4	chr17	-	7668401	7675493	7673306	7675134	8	7668401,7670608,7673206,7673534,7673700,7674180,7674858,7675052,	7669690,7670715,7673339,7673608,7673837,7674290,7674971,7675493,	A0A087WXZ1	uc010cng.2
ENST00000619186.4	chr17	-	7668401	7675493	7669608	7675134	7	7668401,7670608,7673534,7673700,7674180,7674858,7675052,	7669690,7670715,7673608,7673837,7674290,7674971,7675493,	A0A087X1Q1	uc002gii.2
ENST00000610292.4	chr17	-	7668401	7687481	7669608	7676251	10	7668401,7670608,7673534,7673700,7674180,7674858,7675052,7675993,7676381,7687376,	7669690,7670715,7673608,7673837,7674290,7674971,7675236,7676272,7676622,7687481,	P04637	uc031qyq.2
ENST00000269305.8	chr17	-	7668401	7687538	7669608	7676594	11	7668401,7670608,7673534,7673700,7674180,7674858,7675052,7675993,7676381,7676520,7687376,	7669690,7670715,7673608,7673837,7674290,7674971,7675236,7676272,7676403,7676622,7687538,	P04637	uc060aur.1
ENST00000620739.4	chr17	-	7668401	7687538	7669608	7676251	11	7668401,7670608,7673534,7673700,7674180,7674858,7675052,7675993,7676381,7676520,7687376,	7669690,7670715,7673608,7673837,7674290,7674971,7675236,7676272,7676403,7676622,7687538,	P04637	uc002gij.4
ENST00000617185.4	chr17	-	7668401	7687550	7673306	7676594	12	7668401,7670608,7673206,7673534,7673700,7674180,7674858,7675052,7675993,7676381,7676520,7687376,	7669690,7670715,7673339,7673608,7673837,7674290,7674971,7675236,7676272,7676403,7676622,7687550,	P04637	uc010cni.4
ENST00000420246.6	chr17	-	7668403	7687481	7673306	7676594	12	7668403,7670608,7673206,7673534,7673700,7674180,7674858,7675052,7675993,7676381,7676520,7687376,	7669690,7670715,7673339,7673608,7673837,7674290,7674971,7675236,7676272,7676403,7676622,7687481,	P04637	uc060aus.1
ENST00000455263.6	chr17	-	7668403	7687481	7673218	7676594	12	7668403,7670608,7673206,7673534,7673700,7674180,7674858,7675052,7675993,7676381,7676520,7687376,	7669690,7670715,7673266,7673608,7673837,7674290,7674971,7675236,7676272,7676403,7676622,7687481,	P04637	uc060aut.1
ENST00000610538.4	chr17	-	7668403	7687481	7673218	7676251	12	7668403,7670608,7673206,7673534,7673700,7674180,7674858,7675052,7675993,7676381,7676520,7687376,	7669690,7670715,7673266,7673608,7673837,7674290,7674971,7675236,7676272,7676403,7676622,7687481,	P04637	uc010cnh.4
ENST00000622645.4	chr17	-	7668403	7687481	7673306	7676251	12	7668403,7670608,7673206,7673534,7673700,7674180,7674858,7675052,7675993,7676381,7676520,7687376,	7669690,7670715,7673339,7673608,7673837,7674290,7674971,7675236,7676272,7676403,7676622,7687481,	P04637	uc060auu.1
ENST00000445888.6	chr17	-	7668420	7687487	7669608	7676594	11	7668420,7670608,7673534,7673700,7674180,7674858,7675052,7675993,7676381,7676520,7687376,	7669690,7670715,7673608,7673837,7674290,7674971,7675236,7676272,7676403,7676619,7687487,	P04637	uc060auv.1
ENST00000619485.4	chr17	-	7668420	7687487	7669608	7676251	11	7668420,7670608,7673534,7673700,7674180,7674858,7675052,7675993,7676381,7676520,7687376,	7669690,7670715,7673608,7673837,7674290,7674971,7675236,7676272,7676403,7676619,7687487,	P04637	uc002gim.5
ENST00000576024.1	chr17	-	7669568	7673587	7669648	7673587	2	7669568,7673534,	7669690,7673587,	I3L0W9	uc060auw.1
ENST00000615910.4	chr17	-	7669608	7676594	7669608	7676594	11	7669608,7670608,7673534,7673700,7674180,7674858,7675052,7676024,7676035,7676381,7676520,	7669690,7670715,7673608,7673837,7674290,7674971,7675238,7676031,7676272,7676403,7676594,	A0A087WZU8	uc060aux.1
ENST00000509690.5	chr17	-	7673534	7687487	7673534	7675215	6	7673534,7673700,7674180,7674858,7675052,7687376,	7673608,7673837,7674290,7674971,7675236,7687487,	E7ESS1	uc060auy.1
ENST00000514944.5	chr17	-	7674216	7687427	7674216	7676594	6	7674216,7674858,7675052,7676381,7676520,7687376,	7674290,7674971,7675236,7676403,7676622,7687427,	E9PFT5	uc060auz.1
ENST00000574684.1	chr17	-	7674253	7675119	7674253	7674253	2	7674253,7675052,	7674290,7675119,		uc010cnj.2
ENST00000505014.5	chr17	-	7674525	7687487	7674525	7674525	5	7674525,7675052,7675993,7676381,7687376,	7674971,7675236,7676272,7676622,7687487,		uc060ava.1
ENST00000508793.5	chr17	-	7675115	7677434	7675115	7676594	5	7675115,7675993,7676381,7676520,7677324,	7675236,7676272,7676403,7676622,7677434,	E7EMR6	uc060avb.1
ENST00000604348.5	chr17	-	7675161	7687487	7675161	7676594	5	7675161,7675993,7676381,7676520,7687376,	7675215,7676272,7676403,7676622,7687487,	S4R334	uc060avc.1
ENST00000503591.1	chr17	-	7675228	7687427	7675228	7676594	6	7675228,7675993,7676381,7676520,7677324,7687376,	7675236,7676272,7676403,7676622,7677427,7687427,	E9PCY9	uc060avd.1
