#bin	name	chrom	strand	txStart	txEnd	cdsStart	cdsEnd	exonCount	exonStarts	exonEnds	score	name2	cdsStartStat	cdsEndStat	exonFrames
643	NM_001276698.2	chr17	-	7668401	7675244	7673306	7675134	8	7668401,7670608,7673206,7673534,7673700,7674180,7674858,7675052,	7669690,7670715,7673339,7673608,7673837,7674290,7674971,7675244,	0	TP53	cmpl	cmpl	-1,-1,0,1,2,0,1,0,
643	NM_001276699.2	chr17	-	7668401	7675244	7673218	7675134	8	7668401,7670608,7673206,7673534,7673700,7674180,7674858,7675052,	7669690,7670715,7673266,7673608,7673837,7674290,7674971,7675244,	0	TP53	cmpl	cmpl	-1,-1,0,1,2,0,1,0,
643	NM_001276697.2	chr17	-	7668401	7675244	7669608	7675134	7	7668401,7670608,7673534,7673700,7674180,7674858,7675052,	7669690,7670715,7673608,7673837,7674290,7674971,7675244,	0	TP53	cmpl	cmpl	2,0,1,2,0,1,0,
643	NM_001126116.1	chr17	-	7668401	7675493	7673306	7675215	8	7668401,7670608,7673206,7673534,7673700,7674180,7674858,7675052,	7669690,7670715,7673339,7673608,7673837,7674290,7674971,7675493,	0	TP53	cmpl	cmpl	-1,-1,0,1,2,0,1,0,
643	NM_001126117.1	chr17	-	7668401	7675493	7673218	7675215	8	7668401,7670608,7673206,7673534,7673700,7674180,7674858,7675052,	7669690,7670715,7673266,7673608,7673837,7674290,7674971,7675493,	0	TP53	cmpl	cmpl	-1,-1,0,1,2,0,1,0,
643	NM_001126115.1	chr17	-	7668401	7675493	7669608	7675215	7	7668401,7670608,7673534,7673700,7674180,7674858,7675052,	7669690,7670715,7673608,7673837,7674290,7674971,7675493,	0	TP53	cmpl	cmpl	2,0,1,2,0,1,0,
643	NM_001276696.2	chr17	-	7668401	7687490	7673306	7676251	12	7668401,7670608,7673206,7673534,7673700,7674180,7674858,7675052,7675993,7676381,7676520,7687376,	7669690,7670715,7673339,7673608,7673837,7674290,7674971,7675236,7676272,7676403,7676622,7687490,	0	TP53	cmpl	cmpl	-1,-1,0,1,2,0,1,0,0,-1,-1,-1,
643	NM_001276695.2	chr17	-	7668401	7687490	7673218	7676251	12	7668401,7670608,7673206,7673534,7673700,7674180,7674858,7675052,7675993,7676381,7676520,7687376,	7669690,7670715,7673266,7673608,7673837,7674290,7674971,7675236,7676272,7676403,7676622,7687490,	0	TP53	cmpl	cmpl	-1,-1,0,1,2,0,1,0,0,-1,-1,-1,
643	NM_001276760.2	chr17	-	7668401	7687490	7669608	7676251	11	7668401,7670608,7673534,7673700,7674180,7674858,7675052,7675993,7676381,7676520,7687376,	7669690,7670715,7673608,7673837,7674290,7674971,7675236,7676272,7676403,7676622,7687490,	0	TP53	cmpl	cmpl	2,0,1,2,0,1,0,0,-1,-1,-1,
643	NM_001276761.2	chr17	-	7668401	7687490	7669608	7676251	11	7668401,7670608,7673534,7673700,7674180,7674858,7675052,7675993,7676381,7676520,7687376,	7669690,7670715,7673608,7673837,7674290,7674971,7675236,7676272,7676403,7676619,7687490,	0	TP53	cmpl	cmpl	2,0,1,2,0,1,0,0,-1,-1,-1,
643	NM_001126118.1	chr17	-	7668401	7687550	7669608	7676251	10	7668401,7670608,7673534,7673700,7674180,7674858,7675052,7675993,7676381,7687376,	7669690,7670715,7673608,7673837,7674290,7674971,7675236,7676272,7676622,7687550,	0	TP53	cmpl	cmpl	2,0,1,2,0,1,0,0,-1,-1,
643	NM_001126114.2	chr17	-	7668401	7687550	7673306	7676594	12	7668401,7670608,7673206,7673534,7673700,7674180,7674858,7675052,7675993,7676381,7676520,7687376,	7669690,7670715,7673339,7673608,7673837,7674290,7674971,7675236,7676272,7676403,7676622,7687550,	0	TP53	cmpl	cmpl	-1,-1,0,1,2,0,1,0,0,2,0,-1,
643	NM_001126113.2	chr17	-	7668401	7687550	7673218	7676594	12	7668401,7670608,7673206,7673534,7673700,7674180,7674858,7675052,7675993,7676381,7676520,7687376,	7669690,7670715,7673266,7673608,7673837,7674290,7674971,7675236,7676272,7676403,7676622,7687550,	0	TP53	cmpl	cmpl	-1,-1,0,1,2,0,1,0,0,2,0,-1,
643	NM_000546.5	chr17	-	7668401	7687550	7669608	7676594	11	7668401,7670608,7673534,7673700,7674180,7674858,7675052,7675993,7676381,7676520,7687376,	7669690,7670715,7673608,7673837,7674290,7674971,7675236,7676272,7676403,7676622,7687550,	0	TP53	cmpl	cmpl	2,0,1,2,0,1,0,0,2,0,-1,
643	NM_001126112.2	chr17	-	7668401	7687550	7669608	7676594	11	7668401,7670608,7673534,7673700,7674180,7674858,7675052,7675993,7676381,7676520,7687376,	7669690,7670715,7673608,7673837,7674290,7674971,7675236,7676272,7676403,7676619,7687550,	0	TP53	cmpl	cmpl	2,0,1,2,0,1,0,0,2,0,-1,
